# freq	REsusc	std_dev_REsusc	IMsusc	std_dev_IMsusc
1.000000000000000048e-04	7.829999999999999716e+01	1.565999999999999837e+00	4.020000000000000240e-01	1.205999999999999954e-02
1.499999999999999869e-04	7.829999999999999716e+01	1.565999999999999837e+00	5.749999999999999556e-01	1.724999999999999797e-02
2.999999999999999737e-04	7.829999999999999716e+01	1.565999999999999837e+00	1.189999999999999947e+00	3.569999999999999563e-02
4.000000000000000192e-04	7.829999999999999716e+01	1.565999999999999837e+00	1.550000000000000044e+00	4.650000000000000661e-02
5.999999999999999474e-04	7.829999999999999716e+01	1.565999999999999837e+00	2.479999999999999982e+00	7.439999999999999392e-02
6.599999999999999964e-04	7.829999999999999716e+01	1.565999999999999837e+00	2.729999999999999982e+00	9.554999999999999605e-02
1.050000000000000152e-03	7.820000000000000284e+01	1.564000000000000057e+00	4.459999999999999964e+00	1.560999999999999888e-01
1.399999999999999986e-03	7.790000000000000568e+01	2.337000000000000188e-01	5.639999999999999680e+00	1.973999999999999921e-01
1.699999999999999905e-03	7.692000000000000171e+01	1.153799999999999937e+00	6.639999999999999680e+00	2.124800000000000022e-01
1.899999999999999996e-03	7.790000000000000568e+01	2.337000000000000188e-01	7.129999999999999893e+00	2.495499999999999940e-01
2.049999999999999739e-03	7.643999999999999773e+01	1.146600000000000064e+00	7.919999999999999929e+00	1.980000000000000093e-01
2.500000000000000052e-03	7.665999999999999659e+01	1.149899999999999922e+00	9.400000000000000355e+00	2.349999999999999867e-01
3.000000000000000062e-03	7.579999999999999716e+01	8.338000000000000966e-01	1.100000000000000000e+01	3.850000000000000089e-01
3.922000000000000139e-03	7.570000000000000284e+01	7.570000000000000062e-01	1.430000000000000071e+01	4.289999999999999925e-01
4.000000000000000083e-03	7.492000000000000171e+01	1.123799999999999910e+00	1.443999999999999950e+01	3.609999999999999876e-01
4.449999999999999963e-03	7.448999999999999488e+01	1.117349999999999843e+00	1.555000000000000071e+01	5.131499999999999950e-01
5.300000000000000024e-03	7.309999999999999432e+01	7.309999999999999831e-01	1.869999999999999929e+01	5.610000000000000542e-01
5.305999999999999953e-03	7.309999999999999432e+01	7.309999999999999831e-01	1.869999999999999929e+01	1.869999999999999996e-01
5.349999999999999721e-03	7.323000000000000398e+01	1.098449999999999926e+00	1.841000000000000014e+01	4.602499999999999925e-01
5.433000000000000329e-03	7.309999999999999432e+01	7.309999999999999831e-01	1.930000000000000071e+01	1.930000000000000049e-01
5.536000000000000122e-03	7.270000000000000284e+01	7.269999999999999796e-01	1.939999999999999858e+01	1.940000000000000058e-01
5.637999999999999783e-03	7.259999999999999432e+01	7.259999999999999787e-01	1.980000000000000071e+01	1.980000000000000093e-01
5.799999999999999600e-03	7.257999999999999829e+01	1.088700000000000001e+00	1.964999999999999858e+01	5.305499999999999661e-01
5.852999999999999696e-03	7.229999999999999716e+01	7.229999999999999760e-01	2.039999999999999858e+01	2.039999999999999869e-01
6.000000000000000125e-03	7.190000000000000568e+01	7.189999999999999725e-01	2.060000000000000142e+01	2.059999999999999887e-01
6.145000000000000288e-03	7.150000000000000000e+01	7.149999999999999689e-01	2.110000000000000142e+01	2.109999999999999931e-01
6.300000000000000044e-03	7.120000000000000284e+01	7.119999999999999662e-01	2.160000000000000142e+01	2.159999999999999976e-01
6.414000000000000430e-03	7.090000000000000568e+01	7.089999999999999636e-01	2.210000000000000142e+01	2.210000000000000020e-01
6.728999999999999738e-03	7.029999999999999716e+01	7.029999999999999583e-01	2.269999999999999929e+01	2.270000000000000073e-01
6.850000000000000186e-03	6.970000000000000284e+01	6.969999999999999529e-01	2.300000000000000000e+01	2.300000000000000100e-01
6.957999999999999775e-03	6.970000000000000284e+01	6.969999999999999529e-01	2.330000000000000071e+01	2.330000000000000127e-01
7.267000000000000022e-03	6.920000000000000284e+01	6.919999999999999485e-01	2.419999999999999929e+01	2.419999999999999929e-01
7.406000000000000257e-03	6.879999999999999716e+01	6.879999999999999449e-01	2.450000000000000000e+01	2.449999999999999956e-01
7.681000000000000327e-03	6.870000000000000284e+01	6.870000000000000551e-01	2.530000000000000071e+01	2.530000000000000027e-01
7.849999999999999339e-03	6.790000000000000568e+01	6.790000000000000480e-01	2.560000000000000142e+01	2.560000000000000053e-01
7.900000000000000772e-03	6.779999999999999716e+01	6.780000000000000471e-01	2.569999999999999929e+01	2.570000000000000062e-01
7.941000000000000142e-03	6.779999999999999716e+01	6.780000000000000471e-01	2.580000000000000071e+01	2.580000000000000071e-01
7.950000000000000469e-03	6.759999999999999432e+01	6.760000000000000453e-01	2.569999999999999929e+01	2.570000000000000062e-01
8.243999999999999592e-03	6.709999999999999432e+01	6.710000000000000409e-01	2.600000000000000000e+01	2.600000000000000089e-01
8.500000000000000611e-03	6.595999999999999375e+01	9.893999999999999462e-01	2.682000000000000028e+01	6.704999999999999849e-01
8.578999999999999820e-03	6.679999999999999716e+01	6.680000000000000382e-01	2.719999999999999929e+01	2.720000000000000195e-01
8.978999999999999135e-03	6.540000000000000568e+01	6.540000000000000258e-01	2.769999999999999929e+01	2.770000000000000240e-01
9.199999999999999845e-03	6.489000000000000057e+01	9.733500000000000485e-01	2.835000000000000142e+01	7.087499999999999911e-01
9.516000000000000153e-03	6.379999999999999716e+01	6.380000000000000115e-01	2.869999999999999929e+01	2.869999999999999774e-01
1.000000000000000021e-02	6.300999999999999801e+01	9.451500000000000457e-01	2.980999999999999872e+01	7.452499999999999680e-01
1.022999999999999951e-02	6.200000000000000000e+01	6.199999999999999956e-01	3.000000000000000000e+01	2.999999999999999889e-01
1.044999999999999922e-02	6.110000000000000142e+01	6.109999999999999876e-01	3.019999999999999929e+01	3.019999999999999907e-01
1.119999999999999989e-02	5.997999999999999687e+01	8.996999999999999442e-01	3.157999999999999829e+01	7.894999999999998685e-01
1.132000000000000020e-02	5.950000000000000000e+01	5.949999999999999734e-01	3.180000000000000071e+01	3.180000000000000049e-01
1.173000000000000084e-02	5.850000000000000000e+01	5.849999999999999645e-01	3.229999999999999716e+01	3.230000000000000093e-01
1.200000000000000025e-02	5.795000000000000284e+01	8.692500000000000782e-01	3.271999999999999886e+01	8.179999999999999494e-01
1.200000000000000025e-02	5.820000000000000284e+01	5.819999999999999618e-01	3.310000000000000142e+01	3.310000000000000164e-01
1.248999999999999937e-02	5.660000000000000142e+01	5.659999999999999476e-01	3.339999999999999858e+01	3.340000000000000191e-01
1.250000000000000069e-02	5.660000000000000142e+01	8.489999999999999769e-01	3.329999999999999716e+01	3.330000000000000182e-01
1.252999999999999947e-02	5.660000000000000142e+01	8.489999999999999769e-01	3.339999999999999858e+01	3.340000000000000191e-01
1.277000000000000010e-02	5.579999999999999716e+01	8.369999999999999662e-01	3.350000000000000000e+01	3.350000000000000200e-01
1.299999999999999940e-02	5.546999999999999886e+01	8.320499999999999563e-01	3.360000000000000142e+01	8.399999999999999689e-01
1.314000000000000064e-02	5.529999999999999716e+01	8.295000000000000151e-01	3.420000000000000284e+01	3.420000000000000262e-01
1.337999999999999953e-02	5.400000000000000000e+01	8.100000000000000533e-01	3.400000000000000000e+01	3.400000000000000244e-01
1.382000000000000069e-02	5.350000000000000000e+01	8.024999999999999911e-01	3.450000000000000000e+01	3.449999999999999734e-01
1.400000000000000029e-02	5.303000000000000114e+01	7.954499999999999904e-01	3.436999999999999744e+01	8.592499999999999583e-01
1.422999999999999959e-02	5.260000000000000142e+01	7.890000000000000346e-01	3.470000000000000284e+01	3.469999999999999751e-01
1.499999999999999944e-02	5.082999999999999829e+01	7.624500000000000721e-01	3.510999999999999943e+01	8.777500000000000302e-01
1.524000000000000007e-02	5.000000000000000000e+01	7.500000000000000000e-01	3.529999999999999716e+01	3.529999999999999805e-01
1.563000000000000153e-02	4.960000000000000142e+01	7.439999999999999947e-01	3.579999999999999716e+01	3.579999999999999849e-01
1.614000000000000157e-02	4.820000000000000284e+01	7.229999999999999760e-01	3.550000000000000000e+01	3.549999999999999822e-01
1.650000000000000078e-02	4.753999999999999915e+01	7.131000000000000671e-01	3.581000000000000227e+01	8.952500000000001013e-01
1.660000000000000017e-02	4.700000000000000000e+01	7.049999999999999600e-01	3.589999999999999858e+01	3.589999999999999858e-01
1.717000000000000123e-02	4.539999999999999858e+01	6.810000000000000497e-01	3.610000000000000142e+01	3.609999999999999876e-01
1.737999999999999962e-02	4.550000000000000000e+01	6.824999999999999956e-01	3.639999999999999858e+01	3.639999999999999902e-01
1.743000000000000105e-02	4.560000000000000142e+01	6.840000000000000524e-01	3.610000000000000142e+01	3.609999999999999876e-01
1.750000000000000167e-02	4.527000000000000313e+01	6.790500000000000425e-01	3.575999999999999801e+01	8.939999999999999059e-01
1.802000000000000129e-02	4.439999999999999858e+01	8.880000000000000115e-01	3.670000000000000284e+01	3.669999999999999929e-01
1.847999999999999990e-02	4.270000000000000284e+01	8.539999999999999813e-01	3.660000000000000142e+01	3.659999999999999920e-01
1.901999999999999871e-02	4.170000000000000284e+01	8.339999999999999636e-01	3.620000000000000284e+01	3.619999999999999885e-01
2.101000000000000090e-02	3.800000000000000000e+01	7.600000000000000089e-01	3.629999999999999716e+01	3.629999999999999893e-01
2.352999999999999883e-02	3.439999999999999858e+01	6.879999999999999449e-01	3.579999999999999716e+01	3.579999999999999849e-01
2.444999999999999951e-02	3.279999999999999716e+01	6.560000000000000275e-01	3.520000000000000284e+01	3.519999999999999796e-01
2.642999999999999863e-02	3.110000000000000142e+01	7.774999999999999689e-01	3.479999999999999716e+01	6.959999999999999520e-01
2.664000000000000049e-02	3.080000000000000071e+01	7.700000000000000178e-01	3.460000000000000142e+01	6.919999999999999485e-01
2.670000000000000151e-02	3.100000000000000000e+01	7.750000000000000222e-01	3.460000000000000142e+01	6.919999999999999485e-01
2.679000000000000131e-02	3.000000000000000000e+01	7.500000000000000000e-01	3.429999999999999716e+01	6.860000000000000542e-01
2.682999999999999968e-02	3.100000000000000000e+01	7.750000000000000222e-01	3.489999999999999858e+01	6.979999999999999538e-01
2.699999999999999969e-02	2.937000000000000099e+01	4.699200000000000599e-01	3.389000000000000057e+01	8.472499999999999476e-01
2.760999999999999913e-02	2.989999999999999858e+01	7.475000000000000533e-01	3.410000000000000142e+01	6.820000000000000506e-01
2.812999999999999876e-02	2.939999999999999858e+01	7.349999999999999867e-01	3.410000000000000142e+01	6.820000000000000506e-01
2.858000000000000124e-02	2.919999999999999929e+01	7.299999999999999822e-01	3.389999999999999858e+01	6.780000000000000471e-01
2.999999999999999889e-02	2.612000000000000099e+01	9.142000000000000126e-01	3.254999999999999716e+01	8.137499999999999734e-01
3.300000000000000155e-02	2.355999999999999872e+01	7.067999999999998728e-01	3.121999999999999886e+01	7.804999999999999716e-01
3.599999999999999728e-02	2.164999999999999858e+01	3.247499999999999276e-01	2.996000000000000085e+01	7.490000000000001101e-01
3.656000000000000222e-02	2.139999999999999858e+01	8.559999999999999831e-01	3.010000000000000142e+01	9.030000000000000249e-01
3.683999999999999775e-02	2.130000000000000071e+01	8.519999999999999796e-01	3.000000000000000000e+01	9.000000000000000222e-01
3.781000000000000333e-02	2.110000000000000142e+01	8.439999999999999725e-01	2.960000000000000142e+01	8.880000000000000115e-01
3.796999999999999681e-02	2.080000000000000071e+01	8.319999999999999618e-01	2.950000000000000000e+01	8.850000000000000089e-01
3.899999999999999994e-02	1.953000000000000114e+01	4.687200000000000255e-01	2.857000000000000028e+01	7.142499999999999405e-01
3.962000000000000244e-02	2.060000000000000142e+01	8.239999999999999547e-01	2.910000000000000142e+01	8.729999999999999982e-01
5.224999999999999784e-02	1.530000000000000071e+01	1.530000000000000027e+00	2.389999999999999858e+01	9.559999999999999609e-01
5.777999999999999803e-02	1.150000000000000000e+01	1.149999999999999911e+00	2.250000000000000000e+01	9.000000000000000222e-01
5.999999999999999778e-02	1.286999999999999922e+01	4.504499999999999615e-01	2.137999999999999901e+01	6.413999999999999702e-01
6.600000000000000311e-02	1.181000000000000050e+01	4.960200000000000164e-01	1.989999999999999858e+01	5.969999999999999751e-01
7.199999999999999456e-02	1.116999999999999993e+01	7.148799999999999599e-01	1.819000000000000128e+01	5.457000000000000739e-01
7.900000000000000078e-02	1.003999999999999915e+01	3.815199999999999148e-01	1.767999999999999972e+01	8.663200000000000900e-01
8.899999999999999578e-02	8.349999999999999645e+00	4.759499999999999842e-01	1.544999999999999929e+01	4.634999999999999676e-01
1.441999999999999948e-01	6.910000000000000142e+00	4.146000000000000241e-01	1.093999999999999950e+01	5.469999999999999307e-01
1.571999999999999786e-01	6.370000000000000107e+00	3.821999999999999842e-01	9.869999999999999218e+00	4.934999999999999387e-01
1.949000000000000177e-01	5.889999999999999680e+00	3.533999999999999364e-01	8.250000000000000000e+00	4.124999999999999778e-01
1.960999999999999965e-01	6.419999999999999929e+00	3.851999999999999869e-01	8.289999999999999147e+00	4.144999999999999796e-01
2.156999999999999751e-01	5.929999999999999716e+00	3.558000000000000052e-01	7.599999999999999645e+00	3.800000000000000044e-01
2.505000000000000004e-01	5.589999999999999858e+00	3.353999999999999759e-01	6.549999999999999822e+00	3.275000000000000133e-01
2.999999999999999889e-01	5.571463960000000881e+00	nan	5.669040000000000745e+00	nan
3.151999999999999802e-01	5.530000000000000249e+00	3.317999999999999838e-01	5.469999999999999751e+00	2.734999999999999654e-01
5.999999999999999778e-01	4.435101000000000404e+00	nan	3.195100000000000051e+00	nan
8.999999999999999112e-01	4.344770999999999717e+00	nan	2.266100000000000225e+00	nan
1.199999999999999956e+00	4.240499999999999936e+00	nan	1.941200000000000037e+00	nan
1.500000000000000000e+00	4.093055999999999806e+00	nan	1.813319999999999821e+00	nan
1.799999999999999822e+00	3.964463999999999988e+00	nan	1.811520000000000019e+00	nan
2.100000000000000089e+00	3.877899999999999903e+00	nan	1.818000000000000060e+00	nan
2.399999999999999911e+00	3.822943999999998788e+00	nan	1.873319999999999874e+00	nan
2.699999999999999734e+00	3.762830999999999815e+00	nan	1.947999999999999954e+00	nan
3.000000000000000000e+00	3.730960000000000498e+00	nan	2.024958000000000258e+00	nan
3.299999999999999822e+00	3.645299999999999763e+00	nan	2.108848000000000056e+00	nan
3.599999999999999645e+00	3.531350999999999463e+00	nan	2.183440000000000047e+00	nan
3.899999999999999911e+00	3.388112000000000013e+00	nan	2.226065999999999878e+00	nan
4.200000000000000178e+00	3.220450999999999731e+00	nan	2.241539999999999644e+00	nan
4.500000000000000000e+00	3.045440000000000147e+00	nan	2.247167999999999832e+00	nan
4.799999999999999822e+00	2.856716999999999729e+00	nan	2.240444000000000102e+00	nan
5.099999999999999645e+00	2.652874999999999872e+00	nan	2.196467999999999865e+00	nan
5.399999999999999467e+00	2.470797000000000132e+00	nan	2.087604000000000237e+00	nan
5.700000000000000178e+00	2.333190999999999349e+00	nan	1.958159999999999901e+00	nan
6.000000000000000000e+00	2.233959000000000472e+00	nan	1.827199999999999935e+00	nan
6.299999999999999822e+00	2.164968000000000004e+00	nan	1.689226000000000116e+00	nan
6.599999999999999645e+00	2.122739000000000154e+00	nan	1.557420000000000027e+00	nan
6.899999999999999467e+00	2.114822999999999897e+00	nan	1.433263999999999871e+00	nan
7.199999999999999289e+00	2.135528999999999566e+00	nan	1.329799999999999871e+00	nan
7.500000000000000000e+00	2.166444999999999510e+00	nan	1.266011999999999915e+00	nan
7.799999999999999822e+00	2.188620000000000232e+00	nan	1.219472000000000111e+00	nan
8.099999999999999645e+00	2.204931000000000196e+00	nan	1.181180000000000119e+00	nan
8.400000000000000355e+00	2.221743999999999719e+00	nan	1.152749999999999941e+00	nan
8.699999999999999289e+00	2.233096999999999888e+00	nan	1.132703999999999933e+00	nan
9.000000000000000000e+00	2.244359999999999911e+00	nan	1.112601999999999869e+00	nan
9.299999999999998934e+00	2.253400000000000070e+00	nan	1.101701999999999959e+00	nan
9.599999999999999645e+00	2.265506999999999938e+00	nan	1.091475999999999891e+00	nan
9.900000000000000355e+00	2.278596000000000288e+00	nan	1.091199999999999948e+00	nan
1.019999999999999929e+01	2.281967999999999996e+00	nan	1.105024000000000006e+00	nan
1.050000000000000000e+01	2.279823000000000377e+00	nan	1.114335999999999993e+00	nan
1.079999999999999893e+01	2.276935000000000375e+00	nan	1.126751999999999976e+00	nan
1.109999999999999964e+01	2.263976999999999684e+00	nan	1.140063999999999966e+00	nan
1.140000000000000036e+01	2.248641000000000112e+00	nan	1.149479999999999835e+00	nan
1.169999999999999929e+01	2.232551999999999648e+00	nan	1.161913999999999891e+00	nan
1.200000000000000000e+01	2.216444999999999776e+00	nan	1.174267999999999867e+00	nan
1.229999999999999893e+01	2.198028000000000315e+00	nan	1.182703999999999978e+00	nan
1.259999999999999964e+01	2.179628999999999817e+00	nan	1.191060000000000008e+00	nan
1.290000000000000036e+01	2.158204999999999707e+00	nan	1.198547999999999947e+00	nan
1.319999999999999929e+01	2.137615999999999961e+00	nan	1.202909999999999924e+00	nan
1.350000000000000000e+01	2.119298999999999822e+00	nan	1.211019999999999985e+00	nan
1.379999999999999893e+01	2.098799999999999777e+00	nan	1.215232000000000090e+00	nan
1.409999999999999964e+01	2.071552000000000060e+00	nan	1.220735999999999821e+00	nan
1.439999999999999858e+01	2.045223000000000013e+00	nan	1.223136000000000001e+00	nan
1.469999999999999929e+01	2.018174999999999830e+00	nan	1.228399999999999936e+00	nan
1.500000000000000000e+01	1.986175999999999942e+00	nan	1.228920000000000012e+00	nan
1.529999999999999893e+01	1.960202999999999918e+00	nan	1.231003999999999987e+00	nan
1.559999999999999964e+01	1.926472000000000184e+00	nan	1.227546000000000026e+00	nan
1.589999999999999858e+01	1.895856000000000208e+00	nan	1.224849999999999994e+00	nan
1.619999999999999929e+01	1.866284999999999972e+00	nan	1.219211999999999962e+00	nan
1.650000000000000000e+01	1.831232000000000193e+00	nan	1.211826000000000070e+00	nan
1.680000000000000071e+01	1.797320000000000029e+00	nan	1.201578000000000035e+00	nan
1.709999999999999787e+01	1.765631999999999646e+00	nan	1.194975999999999816e+00	nan
1.739999999999999858e+01	1.735896000000000106e+00	nan	1.182790000000000008e+00	nan
1.769999999999999929e+01	1.701759000000000244e+00	nan	1.166200000000000125e+00	nan
1.800000000000000000e+01	1.673391999999999991e+00	nan	1.151405999999999930e+00	nan
1.830000000000000071e+01	1.640704000000000384e+00	nan	1.132319999999999993e+00	nan
1.859999999999999787e+01	1.608335999999999988e+00	nan	1.113389999999999880e+00	nan
1.889999999999999858e+01	1.583232000000000195e+00	nan	1.090975999999999946e+00	nan
1.919999999999999929e+01	1.557504999999999917e+00	nan	1.071407999999999916e+00	nan
1.950000000000000000e+01	1.535399999999999876e+00	nan	1.050218000000000096e+00	nan
1.980000000000000071e+01	1.503911999999999694e+00	nan	1.023465999999999987e+00	nan
2.009999999999999787e+01	1.477064999999999850e+00	nan	1.001168000000000058e+00	nan
2.039999999999999858e+01	1.448700000000000099e+00	nan	9.758080000000000087e-01	nan
2.069999999999999929e+01	1.416360000000000285e+00	nan	9.467420000000000835e-01	nan
2.100000000000000000e+01	1.388566999999999885e+00	nan	9.220559999999999867e-01	nan
2.130000000000000071e+01	1.362504000000000381e+00	nan	8.927900000000000835e-01	nan
2.159999999999999787e+01	1.344633000000000189e+00	nan	8.636559999999999793e-01	nan
2.189999999999999858e+01	1.321992000000000278e+00	nan	8.334939999999999571e-01	nan
2.219999999999999929e+01	1.299477000000000215e+00	nan	8.037640000000001450e-01	nan
2.250000000000000000e+01	1.289539999999999687e+00	nan	7.753919999999999702e-01	nan
2.280000000000000071e+01	1.270752000000000104e+00	nan	7.424140000000000184e-01	nan
2.309999999999999787e+01	1.245624000000000065e+00	nan	7.057700000000000085e-01	nan
2.339999999999999858e+01	1.218899999999999872e+00	nan	6.669279999999998543e-01	nan
2.369999999999999929e+01	1.218314999999999815e+00	nan	6.304520000000000124e-01	nan
2.400000000000000000e+01	1.218355999999999772e+00	nan	5.896799999999999820e-01	nan
2.430000000000000071e+01	1.217850999999999795e+00	nan	5.491799999999998905e-01	nan
2.459999999999999787e+01	1.225823999999999803e+00	nan	5.107599999999999918e-01	nan
2.489999999999999858e+01	1.238159999999999705e+00	nan	4.709119999999999417e-01	nan
2.519999999999999929e+01	1.242296999999999985e+00	nan	4.343040000000000234e-01	nan
2.550000000000000000e+01	1.250447999999999782e+00	nan	3.984639999999999294e-01	nan
2.580000000000000071e+01	1.256142999999999565e+00	nan	3.599759999999999627e-01	nan
2.609999999999999787e+01	1.267488999999999866e+00	nan	3.268800000000000039e-01	nan
2.639999999999999858e+01	1.280421000000000031e+00	nan	2.961400000000000143e-01	nan
2.669999999999999929e+01	1.292524999999999924e+00	nan	2.697479999999999878e-01	nan
2.700000000000000000e+01	1.308751999999999915e+00	nan	2.458859999999999935e-01	nan
2.730000000000000071e+01	1.326868709999999840e+00	nan	2.249575999999999798e-01	nan
2.759999999999999787e+01	1.342179959999999728e+00	nan	2.086951999999999974e-01	nan
2.789999999999999858e+01	1.357368159999999824e+00	nan	1.934207999999999761e-01	nan
2.819999999999999929e+01	1.372439039999999943e+00	nan	1.793871999999999689e-01	nan
2.850000000000000000e+01	1.389762510000000173e+00	nan	1.669934000000000140e-01	nan
2.879999999999999716e+01	1.409351790000000326e+00	nan	1.571858000000000144e-01	nan
2.909999999999999787e+01	1.421767159999999919e+00	nan	1.485335999999999879e-01	nan
2.939999999999999858e+01	1.441334789999999977e+00	nan	1.415955999999999881e-01	nan
2.969999999999999929e+01	1.456161509999999826e+00	nan	1.345712000000000019e-01	nan
3.000000000000000000e+01	1.470944439999999798e+00	nan	1.296551999999999982e-01	nan
3.029999999999999716e+01	1.485747750000000034e+00	nan	1.256599999999999939e-01	nan
3.059999999999999787e+01	1.495705909999999861e+00	nan	1.216655999999999987e-01	nan
3.089999999999999858e+01	1.510586389999999835e+00	nan	1.183259999999999867e-01	nan
3.119999999999999929e+01	1.520575110000000008e+00	nan	1.152555999999999997e-01	nan
3.150000000000000000e+01	1.530591909999999833e+00	nan	1.121627999999999931e-01	nan
3.179999999999999716e+01	1.540601510000000118e+00	nan	1.100411999999999918e-01	nan
3.210000000000000142e+01	1.550632440000000001e+00	nan	1.081528000000000073e-01	nan
3.239999999999999858e+01	1.558203240000000100e+00	nan	1.059152000000000149e-01	nan
3.269999999999999574e+01	1.568270109999999828e+00	nan	1.045001999999999875e-01	nan
3.300000000000000000e+01	1.575846789999999942e+00	nan	1.032431999999999933e-01	nan
3.329999999999999716e+01	1.583440749999999841e+00	nan	1.019790000000000002e-01	nan
3.360000000000000142e+01	1.588536959999999665e+00	nan	1.003755999999999954e-01	nan
3.389999999999999858e+01	1.596159359999999916e+00	nan	9.909759999999999402e-02	nan
3.419999999999999574e+01	1.603791309999999637e+00	nan	9.806579999999999464e-02	nan
3.450000000000000000e+01	1.608894109999999600e+00	nan	9.720539999999999736e-02	nan
3.479999999999999716e+01	1.614012159999999696e+00	nan	9.608759999999999524e-02	nan
3.510000000000000142e+01	1.621677239999999909e+00	nan	9.529520000000001045e-02	nan
3.539999999999999858e+01	1.626807000000000114e+00	nan	9.442399999999999405e-02	nan
3.569999999999999574e+01	1.634501439999999972e+00	nan	9.362279999999999214e-02	nan
3.600000000000000000e+01	1.639650559999999979e+00	nan	9.274440000000000461e-02	nan
3.629999999999999716e+01	1.644785789999999581e+00	nan	9.263259999999999550e-02	nan
3.660000000000000142e+01	1.649936189999999803e+00	nan	9.226299999999999779e-02	nan
3.689999999999999858e+01	1.652528640000000104e+00	nan	9.156319999999999737e-02	nan
3.719999999999999574e+01	1.657704960000000227e+00	nan	9.067520000000001135e-02	nan
3.750000000000000000e+01	1.665448989999999796e+00	nan	9.062819999999999210e-02	nan
3.779999999999999716e+01	1.670616989999999857e+00	nan	9.076859999999999096e-02	nan
3.810000000000000142e+01	1.673203989999999974e+00	nan	9.083879999999999733e-02	nan
3.839999999999999858e+01	1.675806989999999663e+00	nan	9.039099999999999913e-02	nan
3.869999999999999574e+01	1.678418839999999967e+00	nan	8.968320000000000458e-02	nan
3.900000000000000000e+01	1.683613750000000131e+00	nan	8.956200000000001660e-02	nan
3.929999999999999716e+01	1.688816640000000202e+00	nan	8.944000000000000561e-02	nan
3.960000000000000142e+01	1.691431359999999717e+00	nan	8.898839999999999528e-02	nan
3.989999999999999858e+01	1.694034360000000072e+00	nan	8.905680000000000540e-02	nan
4.019999999999999574e+01	1.696639359999999819e+00	nan	8.912520000000000164e-02	nan
4.050000000000000000e+01	1.701855359999999706e+00	nan	8.926199999999999413e-02	nan
4.079999999999999716e+01	1.704466360000000069e+00	nan	8.933040000000000425e-02	nan
4.110000000000000142e+01	1.707072509999999932e+00	nan	8.966019999999998158e-02	nan
4.139999999999999858e+01	1.709694360000000080e+00	nan	8.946720000000001061e-02	nan
4.169999999999999574e+01	1.712311359999999727e+00	nan	8.953559999999999297e-02	nan
4.200000000000000000e+01	1.714930360000000098e+00	nan	8.960400000000000309e-02	nan
4.229999999999999716e+01	1.717544509999999969e+00	nan	8.993459999999998955e-02	nan
4.260000000000000142e+01	1.722771839999999832e+00	nan	9.085959999999999870e-02	nan
4.289999999999999858e+01	1.725391910000000140e+00	nan	9.119160000000001154e-02	nan
4.319999999999999574e+01	1.727999999999999758e+00	nan	9.205000000000000682e-02	nan
4.350000000000000000e+01	1.730616960000000093e+00	nan	9.264640000000000375e-02	nan
4.379999999999999716e+01	1.733228749999999874e+00	nan	9.350699999999999290e-02	nan
4.410000000000000142e+01	1.735849510000000206e+00	nan	9.410520000000001384e-02	nan
4.439999999999999858e+01	1.738464999999999927e+00	nan	9.496799999999998299e-02	nan
4.469999999999999574e+01	1.741082310000000133e+00	nan	9.583200000000000052e-02	nan
4.500000000000000000e+01	1.746344440000000331e+00	nan	9.677040000000000641e-02	nan
4.529999999999999716e+01	1.751607000000000136e+00	nan	9.797599999999999365e-02	nan
4.560000000000000142e+01	1.756884710000000238e+00	nan	9.891960000000001030e-02	nan
4.589999999999999858e+01	1.767433110000000029e+00	nan	1.018780000000000102e-01	nan
4.619999999999999574e+01	1.775304959999999932e+00	nan	1.061068000000000011e-01	nan
4.650000000000000000e+01	1.785804999999999865e+00	nan	1.123080000000000050e-01	nan
4.679999999999999716e+01	1.796282909999999955e+00	nan	1.198853999999999892e-01	nan
4.710000000000000142e+01	1.806682439999999890e+00	nan	1.301960000000000062e-01	nan
4.739999999999999858e+01	1.819637750000000276e+00	nan	1.444499999999999951e-01	nan
4.769999999999999574e+01	1.829496760000000277e+00	nan	1.673544000000000143e-01	nan
4.800000000000000000e+01	1.833260000000000112e+00	nan	2.006880000000000053e-01	nan
4.829999999999999716e+01	1.825572000000000195e+00	nan	2.383040000000000158e-01	nan
4.860000000000000142e+01	1.808564999999999978e+00	nan	2.859879999999999645e-01	nan
4.889999999999999858e+01	1.758848000000000189e+00	nan	3.303360000000000185e-01	nan
4.919999999999999574e+01	1.701296999999999837e+00	nan	3.461040000000000227e-01	nan
4.950000000000000000e+01	1.644620999999999889e+00	nan	3.351399999999999935e-01	nan
4.979999999999999716e+01	1.586535999999999724e+00	nan	2.960099999999999953e-01	nan
5.010000000000000142e+01	1.544584590000000368e+00	nan	2.546374000000000137e-01	nan
5.039999999999999858e+01	1.533025000000000304e+00	nan	2.084880000000000344e-01	nan
5.069999999999999574e+01	1.535347560000000167e+00	nan	1.707616000000000134e-01	nan
5.100000000000000000e+01	1.539604640000000080e+00	nan	1.351295999999999886e-01	nan
5.129999999999999716e+01	1.553168590000000293e+00	nan	1.069926000000000071e-01	nan
5.160000000000000142e+01	1.563898759999999610e+00	nan	8.306639999999999857e-02	nan
5.189999999999999858e+01	1.576677510000000115e+00	nan	7.360160000000000313e-02	nan
5.219999999999999574e+01	1.592058360000000006e+00	nan	6.108079999999999760e-02	nan
5.250000000000000000e+01	1.604868749999999844e+00	nan	5.194700000000000012e-02	nan
5.279999999999999716e+01	1.615098749999999583e+00	nan	4.702699999999999242e-02	nan
5.310000000000000142e+01	1.625349439999999923e+00	nan	4.232999999999999957e-02	nan
5.339999999999999858e+01	1.633059000000000038e+00	nan	3.833999999999999908e-02	nan
5.369999999999999574e+01	1.643333560000000082e+00	nan	3.538320000000000354e-02	nan
5.400000000000000000e+01	1.651061159999999806e+00	nan	3.289600000000000163e-02	nan
5.429999999999999716e+01	1.658800000000000274e+00	nan	3.091200000000000198e-02	nan
5.460000000000000142e+01	1.666548749999999801e+00	nan	2.969299999999999717e-02	nan
5.489999999999999858e+01	1.674314999999999998e+00	nan	2.846800000000000025e-02	nan
5.519999999999999574e+01	1.682094509999999765e+00	nan	2.775579999999999714e-02	nan
5.550000000000000000e+01	1.687292840000000016e+00	nan	2.701919999999999669e-02	nan
5.579999999999999716e+01	1.695099960000000072e+00	nan	2.656080000000000246e-02	nan
5.610000000000000142e+01	1.700316000000000161e+00	nan	2.608000000000000249e-02	nan
5.639999999999999858e+01	1.705536997500000096e+00	nan	2.598940000000000278e-02	nan
5.669999999999999574e+01	1.710765990000000070e+00	nan	2.589840000000000197e-02	nan
5.700000000000000000e+01	1.716001395100000160e+00	nan	2.601660000000000084e-02	nan
5.729999999999999716e+01	1.718620999999999954e+00	nan	2.622000000000000025e-02	nan
5.759999999999999432e+01	1.723866989999999877e+00	nan	2.652259999999999687e-02	nan
5.789999999999999858e+01	1.726489910000000183e+00	nan	2.706840000000000288e-02	nan
5.819999999999999574e+01	1.731745749999999973e+00	nan	2.763600000000000431e-02	nan
5.850000000000000000e+01	1.734372360000000057e+00	nan	2.844719999999999888e-02	nan
5.879999999999999716e+01	1.737003000000000075e+00	nan	2.899600000000000094e-02	nan
5.909999999999999432e+01	1.736991750000000057e+00	nan	3.031400000000000067e-02	nan
5.939999999999999858e+01	1.739621759999999906e+00	nan	3.112839999999999704e-02	nan
5.969999999999999574e+01	1.742251160000000132e+00	nan	3.220800000000000052e-02	nan
6.000000000000000000e+01	1.744882239999999918e+00	nan	3.328919999999999796e-02	nan
6.029999999999999716e+01	1.747517590000000176e+00	nan	3.410760000000000181e-02	nan
6.059999999999999432e+01	1.747507110000000141e+00	nan	3.516520000000000062e-02	nan
6.089999999999999858e+01	1.750141309999999839e+00	nan	3.625019999999999631e-02	nan
6.119999999999999574e+01	1.752780000000000005e+00	nan	3.707200000000000079e-02	nan
6.150000000000000000e+01	1.752771510000000088e+00	nan	3.786640000000000145e-02	nan
6.179999999999999716e+01	1.755411840000000057e+00	nan	3.869000000000000217e-02	nan
6.209999999999999432e+01	1.755405960000000043e+00	nan	3.921999999999999792e-02	nan
6.239999999999999858e+01	1.755396989999999935e+00	nan	4.001500000000000196e-02	nan
6.269999999999999574e+01	1.755390910000000027e+00	nan	4.054499999999999771e-02	nan
6.300000000000000000e+01	1.755384749999999938e+00	nan	4.107500000000000040e-02	nan
6.329999999999999716e+01	1.755378509999999892e+00	nan	4.160499999999999615e-02	nan
6.359999999999999432e+01	1.758029510000000073e+00	nan	4.163639999999999702e-02	nan
6.389999999999999858e+01	1.758029510000000073e+00	nan	4.163639999999999702e-02	nan
6.420000000000000284e+01	1.758032640000000146e+00	nan	4.137119999999999687e-02	nan
6.450000000000000000e+01	1.760691840000000008e+00	nan	4.087160000000000099e-02	nan
6.479999999999999716e+01	1.760697959999999895e+00	nan	4.034079999999999611e-02	nan
6.509999999999999432e+01	1.760706989999999861e+00	nan	3.954459999999999920e-02	nan
6.539999999999999147e+01	1.760718749999999888e+00	nan	3.848300000000000332e-02	nan
6.570000000000000284e+01	1.760732999999999882e+00	nan	3.715600000000000153e-02	nan
6.600000000000000000e+01	1.763399040000000362e+00	nan	3.612159999999999677e-02	nan
6.629999999999999716e+01	1.763412390000000274e+00	nan	3.479360000000000092e-02	nan
6.659999999999999432e+01	1.766082240000000025e+00	nan	3.349080000000000112e-02	nan
6.689999999999999147e+01	1.766092159999999911e+00	nan	3.242760000000000087e-02	nan
6.720000000000000284e+01	1.766104109999999894e+00	nan	3.109860000000000055e-02	nan
6.750000000000000000e+01	1.768774560000000218e+00	nan	2.979200000000000251e-02	nan
6.779999999999999716e+01	1.768783360000000249e+00	nan	2.872800000000000353e-02	nan
6.809999999999999432e+01	1.768791840000000226e+00	nan	2.766400000000000109e-02	nan
6.839999999999999147e+01	1.771460999999999952e+00	nan	2.662000000000000130e-02	nan
6.870000000000000284e+01	1.774130684400000213e+00	nan	2.573424000000000197e-02	nan
6.900000000000000000e+01	1.774138067100000216e+00	nan	2.469528000000000348e-02	nan
6.929999999999999716e+01	1.776808718399999876e+00	nan	2.388735999999999637e-02	nan
6.959999999999999432e+01	1.779481350400000217e+00	nan	2.305152000000000242e-02	nan
6.989999999999999147e+01	1.779486611100000060e+00	nan	2.222444000000000155e-02	nan
7.020000000000000284e+01	1.782160036399999870e+00	nan	2.152019999999999628e-02	nan
7.050000000000000000e+01	1.787508315900000033e+00	nan	2.083045999999999856e-02	nan
7.079999999999999716e+01	1.787512899900000063e+00	nan	2.002825999999999912e-02	nan
7.109999999999999432e+01	1.790191871600000262e+00	nan	1.932071999999999956e-02	nan
7.139999999999999147e+01	1.795551558400000358e+00	nan	1.865280000000000063e-02	nan
7.170000000000000284e+01	1.795554707100000202e+00	nan	1.803640000000000104e-02	nan
7.200000000000000000e+01	1.798238359099999961e+00	nan	1.751346000000000153e-02	nan
7.229999999999999716e+01	1.800924183900000308e+00	nan	1.693603999999999943e-02	nan
7.259999999999999432e+01	1.803612033599999886e+00	nan	1.633087999999999901e-02	nan
7.289999999999999147e+01	1.806301660400000175e+00	nan	1.575168000000000054e-02	nan
7.320000000000000284e+01	1.806303737600000181e+00	nan	1.526784000000000127e-02	nan
7.350000000000000000e+01	1.808994859899999863e+00	nan	1.476809999999999928e-02	nan
7.379999999999999716e+01	1.811687803900000393e+00	nan	1.429451999999999980e-02	nan
7.409999999999999432e+01	1.814382785599999881e+00	nan	1.379328000000000151e-02	nan
7.439999999999999147e+01	1.817079596400000385e+00	nan	1.331824000000000029e-02	nan
7.470000000000000284e+01	1.817081055900000353e+00	nan	1.291384000000000108e-02	nan
7.500000000000000000e+01	1.819779377499999962e+00	nan	1.254569999999999817e-02	nan
7.529999999999999716e+01	1.822479750000000287e+00	nan	1.214999999999999934e-02	nan
7.559999999999999432e+01	1.825182251099999764e+00	nan	1.169965999999999888e-02	nan
7.589999999999999147e+01	1.827886191600000210e+00	nan	1.141087999999999998e-02	nan
7.620000000000000284e+01	1.830592189999999952e+00	nan	1.109460000000000134e-02	nan
7.650000000000000000e+01	1.833300079900000101e+00	nan	1.080491999999999911e-02	nan
7.679999999999999716e+01	1.836009867900000092e+00	nan	1.054189999999999988e-02	nan
7.709999999999999432e+01	1.841434711599999829e+00	nan	1.025891999999999950e-02	nan
7.739999999999999147e+01	1.844150310000000292e+00	nan	1.004920000000000119e-02	nan
7.770000000000000284e+01	1.844150823100000336e+00	nan	9.859080000000000968e-03	nan
7.800000000000000000e+01	1.849587609600000349e+00	nan	9.574400000000000271e-03	nan
7.829999999999999716e+01	1.852308889599999953e+00	nan	9.472559999999999661e-03	nan
7.859999999999999432e+01	1.852309439999999974e+00	nan	9.254799999999998791e-03	nan
7.889999999999999147e+01	1.857757507899999938e+00	nan	9.241140000000000118e-03	nan
7.920000000000000284e+01	1.863213777499999946e+00	nan	9.145500000000000851e-03	nan
7.950000000000000000e+01	1.865944710400000428e+00	nan	9.179520000000001775e-03	nan
7.979999999999999716e+01	1.868677777500000081e+00	nan	9.158900000000001068e-03	nan
8.009999999999999432e+01	1.874149440000000055e+00	nan	9.309200000000000114e-03	nan
8.039999999999999147e+01	1.876887959100000280e+00	nan	9.507800000000000279e-03	nan
8.070000000000000284e+01	1.879628397499999881e+00	nan	9.734100000000000738e-03	nan
8.100000000000000000e+01	1.882370823100000257e+00	nan	9.960720000000001031e-03	nan
8.129999999999999716e+01	1.887861862400000312e+00	nan	1.033247999999999979e-02	nan
8.159999999999999432e+01	1.890609867900000074e+00	nan	1.069749999999999868e-02	nan
8.189999999999999147e+01	1.896112597499999941e+00	nan	1.115369999999999903e-02	nan
8.220000000000000284e+01	1.898866022399999798e+00	nan	1.168543999999999833e-02	nan
8.250000000000000000e+01	1.901620839899999860e+00	nan	1.238342000000000089e-02	nan
8.279999999999999716e+01	1.909901627099999777e+00	nan	1.307371999999999874e-02	nan
8.309999999999999432e+01	1.912663396400000160e+00	nan	1.399596000000000000e-02	nan
8.339999999999999147e+01	1.918196055600000172e+00	nan	1.490260000000000022e-02	nan
8.370000000000000284e+01	1.923735475900000047e+00	nan	1.606145999999999963e-02	nan
8.400000000000000000e+01	1.926504937499999848e+00	nan	1.735000000000000084e-02	nan
8.429999999999999716e+01	1.932053351099999761e+00	nan	1.898739999999999803e-02	nan
8.459999999999999432e+01	1.937609683099999813e+00	nan	2.051807999999999757e-02	nan
8.489999999999999147e+01	1.943170875099999639e+00	nan	2.249916000000000069e-02	nan
8.520000000000000284e+01	1.948741004399999754e+00	nan	2.417871999999999730e-02	nan
8.550000000000000000e+01	1.954315451899999889e+00	nan	2.631035999999999792e-02	nan
8.579999999999999716e+01	1.959897989999999757e+00	nan	2.827999999999999611e-02	nan
8.609999999999999432e+01	1.968288000000000038e+00	nan	3.086599999999999761e-02	nan
8.639999999999999147e+01	1.973885760000000156e+00	nan	3.315799999999999997e-02	nan
8.670000000000000284e+01	1.979485160000000077e+00	nan	3.601920000000000122e-02	nan
8.700000000000000000e+01	1.987909559999999853e+00	nan	3.891599999999999920e-02	nan
8.729999999999999716e+01	1.996340989999999982e+00	nan	4.267260000000000497e-02	nan
8.759999999999999432e+01	2.001959310000000158e+00	nan	4.612899999999999640e-02	nan
8.789999999999999147e+01	2.010410709999999934e+00	nan	5.019719999999999738e-02	nan
8.820000000000000284e+01	2.018868509999999894e+00	nan	5.485060000000000630e-02	nan
8.850000000000000000e+01	2.030184000000000211e+00	nan	5.985000000000000736e-02	nan
8.879999999999999716e+01	2.035804590000000136e+00	nan	6.535660000000000081e-02	nan
8.909999999999999432e+01	2.047136000000000067e+00	nan	7.155000000000000249e-02	nan
8.939999999999999147e+01	2.055669559999999674e+00	nan	7.514160000000000283e-02	nan
8.970000000000000284e+01	2.064190589999999936e+00	nan	8.018460000000000865e-02	nan
9.000000000000000000e+01	2.075598910000000075e+00	nan	8.559540000000000204e-02	nan
9.029999999999999716e+01	2.084143749999999962e+00	nan	9.097199999999999731e-02	nan
9.059999999999999432e+01	2.095492960000000071e+00	nan	1.007807999999999898e-01	nan
9.089999999999999147e+01	2.103918750000000060e+00	nan	1.117270000000000069e-01	nan
9.120000000000000284e+01	2.112335159999999767e+00	nan	1.227175999999999961e-01	nan
9.150000000000000000e+01	2.120714560000000581e+00	nan	1.346267999999999909e-01	nan
9.179999999999999716e+01	2.131980840000000210e+00	nan	1.472688000000000053e-01	nan
9.209999999999999432e+01	2.140270999999999813e+00	nan	1.610399999999999887e-01	nan
9.239999999999999147e+01	2.148489000000000093e+00	nan	1.760400000000000020e-01	nan
9.270000000000000284e+01	2.162519909999999879e+00	nan	1.922431999999999752e-01	nan
9.300000000000000000e+01	2.167549440000000160e+00	nan	2.110767999999999811e-01	nan
9.329999999999999716e+01	2.175366750000000238e+00	nan	2.318890000000000118e-01	nan
9.359999999999999432e+01	2.180130750000000006e+00	nan	2.529090000000000504e-01	nan
9.389999999999999147e+01	2.187860000000000138e+00	nan	2.726879999999999860e-01	nan
9.420000000000000284e+01	2.195344640000000513e+00	nan	2.952180000000000359e-01	nan
9.450000000000000000e+01	2.196095999999999826e+00	nan	3.269199999999999884e-01	nan
9.479999999999999716e+01	2.197480000000000544e+00	nan	3.479580000000000450e-01	nan
9.509999999999999432e+01	2.195544000000000384e+00	nan	3.717500000000000249e-01	nan
9.539999999999999147e+01	2.193213000000000523e+00	nan	3.985160000000000369e-01	nan
9.570000000000000284e+01	2.187460000000000182e+00	nan	4.279679999999999596e-01	nan
9.600000000000000000e+01	2.175880000000000258e+00	nan	4.537980000000000347e-01	nan
9.629999999999999716e+01	2.163831000000000060e+00	nan	4.824800000000000200e-01	nan
9.659999999999999432e+01	2.148646999999999974e+00	nan	5.106959999999999278e-01	nan
9.689999999999999147e+01	2.130352000000000245e+00	nan	5.383860000000000312e-01	nan
9.720000000000000284e+01	2.108200000000000074e+00	nan	5.713500000000000245e-01	nan
9.750000000000000000e+01	2.081233000000000555e+00	nan	5.944559999999999844e-01	nan
9.779999999999999716e+01	2.057555999999999941e+00	nan	6.148000000000000131e-01	nan
9.809999999999999432e+01	2.030963999999999992e+00	nan	6.344799999999999329e-01	nan
9.839999999999999147e+01	2.004371999999999598e+00	nan	6.539040000000000408e-01	nan
9.870000000000000284e+01	1.977779999999999871e+00	nan	6.730719999999998926e-01	nan
9.900000000000000000e+01	1.948840000000000128e+00	nan	6.886619999999999964e-01	nan
9.929999999999999716e+01	1.917148999999999992e+00	nan	7.035000000000000142e-01	nan
9.959999999999999432e+01	1.889378999999999920e+00	nan	7.129799999999999471e-01	nan
9.989999999999999147e+01	1.852351999999999776e+00	nan	7.262640000000000207e-01	nan
1.002000000000000028e+02	1.822086999999999790e+00	nan	7.347839999999999927e-01	nan
1.005000000000000000e+02	1.786512000000000322e+00	nan	7.420160000000001199e-01	nan
1.007999999999999972e+02	1.754432999999999909e+00	nan	7.468560000000000754e-01	nan
1.010999999999999943e+02	1.723123000000000182e+00	nan	7.488360000000001682e-01	nan
1.013999999999999915e+02	1.686717000000000022e+00	nan	7.495559999999998890e-01	nan
1.017000000000000028e+02	1.654965000000000019e+00	nan	7.427879999999998928e-01	nan
1.020000000000000000e+02	1.624063999999999730e+00	nan	7.334100000000000064e-01	nan
1.022999999999999972e+02	1.593448999999999893e+00	nan	7.240800000000000569e-01	nan
1.025999999999999943e+02	1.567347999999999963e+00	nan	7.076640000000000708e-01	nan
1.028999999999999915e+02	1.541999999999999593e+00	nan	6.888819999999999943e-01	nan
1.032000000000000028e+02	1.512339000000000100e+00	nan	6.667399999999999993e-01	nan
1.035000000000000000e+02	1.485951999999999940e+00	nan	6.429360000000000630e-01	nan
1.037999999999999972e+02	1.458288000000000251e+00	nan	6.140340000000000797e-01	nan
1.040999999999999943e+02	1.431278999999999968e+00	nan	5.831600000000000117e-01	nan
1.043999999999999915e+02	1.416503000000000068e+00	nan	5.550960000000000338e-01	nan
1.047000000000000028e+02	1.390077000000000229e+00	nan	5.227640000000000065e-01	nan
1.050000000000000000e+02	1.376045000000000185e+00	nan	4.906920000000000170e-01	nan
1.052999999999999972e+02	1.361853000000000202e+00	nan	4.590040000000000231e-01	nan
1.055999999999999943e+02	1.352929000000000048e+00	nan	4.237199999999999855e-01	nan
1.058999999999999915e+02	1.343352000000000102e+00	nan	3.911140000000000172e-01	nan
1.062000000000000028e+02	1.333509000000000055e+00	nan	3.588200000000000278e-01	nan
1.065000000000000000e+02	1.327757000000000076e+00	nan	3.297239999999999616e-01	nan
1.067999999999999972e+02	1.323802999999999841e+00	nan	3.033959999999999990e-01	nan
1.070999999999999943e+02	1.317074999999999996e+00	nan	2.792679999999999607e-01	nan
1.073999999999999915e+02	1.307656999999999847e+00	nan	2.573759999999999937e-01	nan
1.077000000000000028e+02	1.298331999999999598e+00	nan	2.333759999999999724e-01	nan
1.080000000000000000e+02	1.293287709999999979e+00	nan	2.115414000000000183e-01	nan
1.082999999999999972e+02	1.290332040000000013e+00	nan	1.904407999999999934e-01	nan
1.085999999999999943e+02	1.289508639999999762e+00	nan	1.693343999999999683e-01	nan
1.088999999999999915e+02	1.290831989999999818e+00	nan	1.477123999999999937e-01	nan
1.092000000000000028e+02	1.294317959999999879e+00	nan	1.248343999999999981e-01	nan
1.095000000000000000e+02	1.306601559999999607e+00	nan	1.057055999999999829e-01	nan
1.097999999999999972e+02	1.318756999999999957e+00	nan	8.732399999999999884e-02	nan
1.100999999999999943e+02	1.337853760000000003e+00	nan	6.525480000000000169e-02	nan
1.103999999999999915e+02	1.359135749999999865e+00	nan	4.780600000000000127e-02	nan
1.107000000000000028e+02	1.373238039999999938e+00	nan	4.359839999999999549e-02	nan
1.110000000000000000e+02	1.389772039999999986e+00	nan	3.867120000000000279e-02	nan
1.112999999999999972e+02	1.404014749999999978e+00	nan	3.436500000000000665e-02	nan
1.115999999999999943e+02	1.418319710000000011e+00	nan	3.025140000000000121e-02	nan
1.118999999999999915e+02	1.427914750000000010e+00	nan	2.509500000000000272e-02	nan
1.122000000000000028e+02	1.439926897499999914e+00	nan	2.052000000000000005e-02	nan
1.125000000000000000e+02	1.451971417600000036e+00	nan	1.764120000000000271e-02	nan
1.127999999999999972e+02	1.464060687099999924e+00	nan	1.517340000000000008e-02	nan
1.130999999999999943e+02	1.473767270399999774e+00	nan	1.301408000000000079e-02	nan
1.133999999999999915e+02	1.483500767599999826e+00	nan	1.174151999999999835e-02	nan
1.137000000000000028e+02	1.490821903100000290e+00	nan	1.067154000000000019e-02	nan
1.140000000000000000e+02	1.498159839599999987e+00	nan	9.840959999999999291e-03	nan
1.142999999999999972e+02	1.505518110000000132e+00	nan	8.098199999999999843e-03	nan
1.145999999999999943e+02	1.512891119599999890e+00	nan	7.330800000000000163e-03	nan
1.148999999999999915e+02	1.517816709999999958e+00	nan	6.652800000000000380e-03	nan
1.151999999999999886e+02	1.525218395100000235e+00	nan	6.347900000000000070e-03	nan
1.155000000000000000e+02	1.532637849599999935e+00	nan	6.140480000000000244e-03	nan
1.157999999999999972e+02	1.537594095100000002e+00	nan	6.026399999999999466e-03	nan
1.160999999999999943e+02	1.540075287900000145e+00	nan	5.931980000000000759e-03	nan
1.163999999999999915e+02	1.545043524400000257e+00	nan	5.817240000000000431e-03	nan
1.166999999999999886e+02	1.552510663899999921e+00	nan	5.756520000000000213e-03	nan
1.170000000000000000e+02	1.555003847100000280e+00	nan	5.661380000000000579e-03	nan
1.172999999999999972e+02	1.559995982400000258e+00	nan	5.595519999999999661e-03	nan
1.175999999999999943e+02	1.562495203899999963e+00	nan	5.475000000000000699e-03	nan
1.178999999999999915e+02	1.567499377499999902e+00	nan	5.383599999999999670e-03	nan
1.181999999999999886e+02	1.572511505600000081e+00	nan	5.316959999999999915e-03	nan
1.185000000000000000e+02	1.575020589999999610e+00	nan	5.270999999999999644e-03	nan
1.187999999999999972e+02	1.577531715100000120e+00	nan	5.199839999999999844e-03	nan
1.190999999999999943e+02	1.580044797499999820e+00	nan	5.153699999999999774e-03	nan
1.193999999999999915e+02	1.585076999999999847e+00	nan	5.035999999999999678e-03	nan
1.196999999999999886e+02	1.587596197500000139e+00	nan	4.913999999999999965e-03	nan
1.200000000000000000e+02	1.590117389999999631e+00	nan	4.791799999999999705e-03	nan
1.215000000000000000e+02	1.600222566399999824e+00	nan	3.946799999999999441e-03	nan
1.230000000000000000e+02	1.612898487100000056e+00	nan	3.124200000000000154e-03	nan
1.245000000000000000e+02	1.623075062976000016e+00	nan	2.466464000000000243e-03	nan
1.260000000000000000e+02	1.630728372735999798e+00	nan	2.022767999999999875e-03	nan
1.275000000000000000e+02	1.638399574896000077e+00	nan	1.669120000000000065e-03	nan
1.290000000000000000e+02	1.643523706235999970e+00	nan	1.389687999999999818e-03	nan
1.305000000000000000e+02	1.651224783774999816e+00	nan	1.195050000000000019e-03	nan
1.320000000000000000e+02	1.656368826943999784e+00	nan	1.070783999999999972e-03	nan
1.335000000000000000e+02	1.661520858623999786e+00	nan	9.693279999999998781e-04	nan
1.350000000000000000e+02	1.666680880974999779e+00	nan	8.907899999999999196e-04	nan
1.365000000000000000e+02	1.671848885755999881e+00	nan	8.740679999999998720e-04	nan
1.380000000000000000e+02	1.674435883719000095e+00	nan	8.825080000000000554e-04	nan
1.395000000000000000e+02	1.677024871118999672e+00	nan	9.298099999999999898e-04	nan
1.410000000000000000e+02	1.679615840000000082e+00	nan	1.036800000000000048e-03	nan
1.425000000000000000e+02	1.684803795696000250e+00	nan	1.173392000000000098e-03	nan
1.440000000000000000e+02	1.684803735804000224e+00	nan	1.334344000000000112e-03	nan
1.455000000000000000e+02	1.689999619311000068e+00	nan	1.604200000000000070e-03	nan
1.470000000000000000e+02	1.692600465638999907e+00	nan	1.902061999999999937e-03	nan
1.485000000000000000e+02	1.692600189999999838e+00	nan	2.341799999999999785e-03	nan
1.500000000000000000e+02	1.697807789999999928e+00	nan	2.866599999999999964e-03	nan